SN码:H100F1A-H09150733
FX:1188.6918066682
FY:1188.8881856981
CX:958.1162131187
CY:770.3201938023
K1:0.3323618292
K2:-0.2032698843
P1:-0.0000441164
P2:0.0000196223
K3:-0.0168648964
K4:0.7584614814
K5:-0.1730226671
K6:-0.0831068238
RMS:0.0127
标定校验:null
是否写入: